390, 70, 480, 80, 460, 170, 420, 280, 370, 300, 320, 270, 290, 240
480, 80, 520, 160, 500, 180, 460, 180
460, 180, 500, 180, 470, 290, 420, 280
290, 240, 270, 290, 280, 310, 240, 360, 290, 380, 330, 410, 380, 370, 320, 280, 320, 270
320, 270, 320, 280, 380, 370, 410, 390, 470, 290, 420, 280, 380, 300, 370, 300
380, 370, 410, 390, 400, 410, 330, 410
240, 360, 290, 380, 330, 410, 330, 430, 320, 450, 230, 410
330, 410, 400, 410, 410, 480, 370, 500, 320, 450, 330, 430
370, 500, 380, 530, 330, 550, 220, 500, 230, 410, 320, 450, 370, 500
370, 500, 410, 480, 420, 520, 380, 530
220, 500, 190, 510, 210, 620, 250, 610, 320, 620, 330, 550
330, 550, 380, 530, 400, 580, 330, 570
400, 580, 440, 610, 450, 530, 420, 520, 380, 530
250, 610, 220, 620, 210, 620, 210, 650, 260, 660
320, 620, 370, 620, 400, 580, 330, 570
370, 620, 410, 650, 440, 610, 400, 580
210, 620, 190, 620, 200, 670, 210, 690, 220, 680, 210, 650
210, 690, 220, 680, 210, 650, 260, 660, 250, 610, 320, 620, 340, 620, 320, 650, 290, 660, 280, 670
320, 650, 350, 680, 410, 650, 370, 620, 340, 620
210, 690, 230, 750, 260, 750, 240, 680
240, 680, 280, 670, 290, 660, 320, 650, 350, 680, 360, 740, 260, 750
230, 750, 200, 750, 220, 780, 230, 790, 300, 800, 310, 750, 260, 750
310, 750, 360, 740, 370, 760, 310, 770, 310, 750
